0000000000000011
1111111111011111
1111111111000011
1111111111000000
1111111110111011
0000000000010100
0000000000001110
0000000000000001
1111111111111001
0000000000001011
0000000000001010
0000000000000110
0000000000000011
1111111111100101
0000000000011000
1111111111100010
1111111111100001
0000000000010100
0000000000011101
1111111111110110
0000000000001001
0000000000011100
1111111111110011
1111111111101101
0000000000111010
0000000000010110
0000000000000100
0000000000001101
0000000000001110
0000000000010000
0000000000001011
0000000000000000
1111111111111010
0000000000100011
0000000000101011
0000000000100011
0000000000011001
1111111111111000
1111111111101011
1111111111000110
1111111111001011
1111111111101101
1111111111110100
0000000000011101
0000000000100001
0000000000011110
1111111111101100
1111111111100111
1111111111110110
0000000000000000
0000000000001100
0000000000100001
0000000000100100
0000000000011010
0000000000011010
1111111111111001
1111111111110000
1111111111010000
1111111111000001
1111111111000110
1111111111000001
1111111111000110
0000000000010110
0000000000010001
1111111111110100
0000000000000101
0000000000001001
0000000000000100
1111111111101110
1111111111100110
1111111111101010
0000000000000000
0000000000110101
0000000000010010
1111111111110111
1111111111111000
1111111111110000
1111111110111110
0000000000101011
0000000000101111
0000000000110001
0000000000101100
0000000000101101
0000000000001010
0000000000001111
0000000000001100
0000000000001000
0000000000001010
0000000000001100
0000000000001111
0000000000010001
0000000000110010
0000000000100011
1111111111101001
1111111111101010
1111111111100110
0000000000001100
0000000000001111
0000000000000111
0000000000001111
0000000000001000
0000000000000011
1111111111111111
0000000000000111
0000000000100000
0000000000000110
0000000000000000
0000000000010110
0000000000000100
0000000000000110
1111111111111101
1111111111110100
1111111111110000
1111111111011011
1111111111100010
1111111111101000
1111111111100010
1111111111100111
0000000000011101
1111111111111101
1111111111111011
1111111111101110
1111111111110011
0000000000001100
0000000000100011
0000000000101001
0000000000001110
0000000000000111
0000000000000100
1111111111111101
1111111111101110
1111111111111011
0000000000011111
1111111111111110
1111111111001011
1111111111010110
0000000000100010
0000000000100000
1111111111101010
1111111111100101
0000000000111010
0000000000111000
0000000000010011
1111111111101111
1111111111100111
1111111111111101
0000000000110111
0000000000110111
0000000000111110
0000000000111001
0000000000111110
0000000000111001
0000000000111100
0000000000111100
0000000000110100
0000000000011100
0000000000000010
0000000000000000
1111111111111100
1111111111101010
1111111111011110
1111111111011100
1111111111011011
1111111111101100
0000000000100101
0000000000001100
0000000000001000
1111111111101010
1111111111101111
1111111111101001
1111111111110001
0000000000010110
1111111111100100
1111111111100001
0000000000011010
0000000000010100
1111111111110000
1111111111110110
0000000000010100
0000000000010011
0000000000000111
1111111111111001
1111111111110011
0000000000100001
0000000000011000
0000000000000010
1111111111101000
1111111111000110
1111111111111001
0000000000100111
0000000000101010
0000000000100001
0000000000100100
0000000000001011
1111111111100101
1111111111011111
1111111111011100
1111111111100100
1111111111100010
1111111111100111
0000000000100111
0000000000100010
0000000000001000
0000000000001010
0000000000000110
0000000000010000
1111111111011110
1111111111100011
1111111111011111
1111111111100111
0000000000000101
0000000000111100
0000000000110110
0000000000111001
0000000000110010
0000000000001001
0000000000000101
0000000000000111
0000000000000110
0000000000100110
1111111111101000
1111111111100010
0000000000110101
0000000000110100
0000000000111010
0000000000011010
1111111111111110
1111111111011101
1111111111101000
1111111111100011
1111111111101100
1111111111100011
1111111111100111
1111111111100011
1111111111100110
1111111111100000
1111111111110000
1111111111100101
1111111111101110
1111111111100101
1111111111100011
1111111111101000
1111111111100010
1111111111010101
1111111111000111
1111111111001011
1111111111000101
1111111111001000
1111111110111111
1111111111000010
1111111110111100
0000000000000011
1111111111011111
1111111111000011
1111111111000000
1111111110111011
0000000000010100
0000000000001110
0000000000000001
1111111111111001
0000000000001011
0000000000001010
0000000000000110
0000000000000011
1111111111100101
0000000000011000
1111111111100010
1111111111100001
0000000000010100
0000000000011101
1111111111110110
0000000000001001
0000000000011100
1111111111110011
1111111111101101
0000000000111010
0000000000010110
0000000000000100
0000000000001101
0000000000001110
0000000000010000
0000000000001011
0000000000000000
1111111111111010
0000000000100011
0000000000101011
0000000000100011
0000000000011001
1111111111111000
1111111111101011
1111111111000110
1111111111001011
1111111111101101
1111111111110100
0000000000011101
0000000000100001
0000000000011110
1111111111101100
1111111111100111
1111111111110110
0000000000000000
0000000000001100
0000000000100001
0000000000100100
0000000000011010
0000000000011010
1111111111111001
1111111111110000
1111111111010000
1111111111000001
1111111111000110
1111111111000001
1111111111000110
0000000000010110
0000000000010001
1111111111110100
0000000000000101
0000000000001001
0000000000000100
1111111111101110
1111111111100110
1111111111101010
0000000000000000
0000000000110101
0000000000010010
1111111111110111
1111111111111000
1111111111110000
1111111110111110
0000000000101011
0000000000101111
0000000000110001
0000000000101100
0000000000101101
0000000000001010
0000000000001111
0000000000001100
0000000000001000
0000000000001010
0000000000001100
0000000000001111
0000000000010001
0000000000110010
0000000000100011
1111111111101001
1111111111101010
1111111111100110
0000000000001100
0000000000001111
0000000000000111
0000000000001111
0000000000001000
0000000000000011
1111111111111111
0000000000000111
0000000000100000
0000000000000110
0000000000000000
0000000000010110
0000000000000100
0000000000000110
1111111111111101
1111111111110100
1111111111110000
1111111111011011
1111111111100010
1111111111101000
1111111111100010
1111111111100111
0000000000011101
1111111111111101
1111111111111011
1111111111101110
1111111111110011
0000000000001100
0000000000100011
0000000000101001
0000000000001110
0000000000000111
0000000000000100
1111111111111101
1111111111101110
1111111111111011
0000000000011111
1111111111111110
1111111111001011
1111111111010110
0000000000100010
0000000000100000
1111111111101010
1111111111100101
0000000000111010
0000000000111000
0000000000010011
1111111111101111
1111111111100111
1111111111111101
0000000000110111
0000000000110111
0000000000111110
0000000000111001
0000000000111110
0000000000111001
0000000000111100
0000000000111100
0000000000110100
0000000000011100
0000000000000010
0000000000000000
1111111111111100
1111111111101010
1111111111011110
1111111111011100
1111111111011011
1111111111101100
0000000000100101
0000000000001100
0000000000001000
1111111111101010
1111111111101111
1111111111101001
1111111111110001
0000000000010110
1111111111100100
1111111111100001
0000000000011010
0000000000010100
1111111111110000
1111111111110110
0000000000010100
0000000000010011
0000000000000111
1111111111111001
1111111111110011
0000000000100001
0000000000011000
0000000000000010
1111111111101000
1111111111000110
1111111111111001
0000000000100111
0000000000101010
0000000000100001
0000000000100100
0000000000001011
1111111111100101
1111111111011111
1111111111011100
1111111111100100
1111111111100010
1111111111100111
0000000000100111
0000000000100010
0000000000001000
0000000000001010
0000000000000110
0000000000010000
1111111111011110
1111111111100011
1111111111011111
1111111111100111
0000000000000101
0000000000111100
0000000000110110
0000000000111001
0000000000110010
0000000000001001
0000000000000101
0000000000000111
0000000000000110
0000000000100110
1111111111101000
1111111111100010
0000000000110101
0000000000110100
0000000000111010
0000000000011010
1111111111111110
1111111111011101
1111111111101000
1111111111100011
1111111111101100
1111111111100011
1111111111100111
1111111111100011
1111111111100110
1111111111100000
1111111111110000
1111111111100101
1111111111101110
1111111111100101
1111111111100011
1111111111101000
1111111111100010
1111111111010101
1111111111000111
1111111111001011
1111111111000101
1111111111001000
1111111110111111
1111111111000010
1111111110111100
0000000000000011
1111111111011111
1111111111000011
1111111111000000
1111111110111011
0000000000010100
0000000000001110
0000000000000001
1111111111111001
0000000000001011
0000000000001010
0000000000000110
0000000000000011
1111111111100101
0000000000011000
1111111111100010
1111111111100001
0000000000010100
0000000000011101
1111111111110110
0000000000001001
0000000000011100
1111111111110011
1111111111101101
0000000000111010
0000000000010110
0000000000000100
0000000000001101
0000000000001110
0000000000010000
0000000000001011
0000000000000000
1111111111111010
0000000000100011
0000000000101011
0000000000100011
0000000000011001
1111111111111000
1111111111101011
1111111111000110
1111111111001011
1111111111101101
1111111111110100
0000000000011101
0000000000100001
0000000000011110
1111111111101100
1111111111100111
1111111111110110
0000000000000000
0000000000001100
0000000000100001
0000000000100100
0000000000011010
0000000000011010
1111111111111001
1111111111110000
1111111111010000
1111111111000001
1111111111000110
1111111111000001
1111111111000110
0000000000010110
0000000000010001
1111111111110100
0000000000000101
0000000000001001
0000000000000100
1111111111101110
1111111111100110
1111111111101010
0000000000000000
0000000000110101
0000000000010010
1111111111110111
1111111111111000
1111111111110000
1111111110111110
0000000000101011
0000000000101111
0000000000110001
0000000000101100
0000000000101101
0000000000001010
0000000000001111
0000000000001100
0000000000001000
0000000000001010
0000000000001100
0000000000001111
0000000000010001
0000000000110010
0000000000100011
1111111111101001
1111111111101010
1111111111100110
0000000000001100
0000000000001111
0000000000000111
0000000000001111
0000000000001000
0000000000000011
1111111111111111
0000000000000111
0000000000100000
0000000000000110
0000000000000000
0000000000010110
0000000000000100
0000000000000110
1111111111111101
1111111111110100
1111111111110000
1111111111011011
1111111111100010
1111111111101000
1111111111100010
1111111111100111
0000000000011101
1111111111111101
1111111111111011
1111111111101110
1111111111110011
0000000000001100
0000000000100011
0000000000101001
0000000000001110
0000000000000111
0000000000000100
1111111111111101
1111111111101110
1111111111111011
0000000000011111
1111111111111110
1111111111001011
1111111111010110
0000000000100010
0000000000100000
1111111111101010
1111111111100101
0000000000111010
0000000000111000
0000000000010011
1111111111101111
1111111111100111
1111111111111101
0000000000110111
0000000000110111
0000000000111110
0000000000111001
0000000000111110
0000000000111001
0000000000111100
0000000000111100
0000000000110100
0000000000011100
0000000000000010
0000000000000000
1111111111111100
1111111111101010
1111111111011110
1111111111011100
1111111111011011
1111111111101100
0000000000100101
0000000000001100
0000000000001000
1111111111101010
1111111111101111
1111111111101001
1111111111110001
0000000000010110
1111111111100100
1111111111100001
0000000000011010
0000000000010100
1111111111110000
1111111111110110
0000000000010100
0000000000010011
0000000000000111
1111111111111001
1111111111110011
0000000000100001
0000000000011000
0000000000000010
1111111111101000
1111111111000110
1111111111111001
0000000000100111
0000000000101010
0000000000100001
0000000000100100
0000000000001011
1111111111100101
1111111111011111
1111111111011100
1111111111100100
1111111111100010
1111111111100111
0000000000100111
0000000000100010
0000000000001000
0000000000001010
0000000000000110
0000000000010000
1111111111011110
1111111111100011
1111111111011111
1111111111100111
0000000000000101
0000000000111100
0000000000110110
0000000000111001
0000000000110010
0000000000001001
0000000000000101
0000000000000111
0000000000000110
0000000000100110
1111111111101000
1111111111100010
0000000000110101
0000000000110100
0000000000111010
0000000000011010
1111111111111110
1111111111011101
1111111111101000
1111111111100011
1111111111101100
1111111111100011
1111111111100111
1111111111100011
1111111111100110
1111111111100000
1111111111110000
1111111111100101
1111111111101110
1111111111100101
1111111111100011
1111111111101000
1111111111100010
1111111111010101
1111111111000111
1111111111001011
1111111111000101
1111111111001000
1111111110111111
1111111111000010
1111111110111100
0000000000000011
1111111111011111
1111111111000011
1111111111000000
1111111110111011
0000000000010100
0000000000001110
0000000000000001
1111111111111001
0000000000001011
0000000000001010
0000000000000110
0000000000000011
1111111111100101
0000000000011000
1111111111100010
1111111111100001
0000000000010100
0000000000011101
1111111111110110
0000000000001001
0000000000011100
1111111111110011
1111111111101101
0000000000111010
0000000000010110
0000000000000100
0000000000001101
0000000000001110
0000000000010000
0000000000001011
0000000000000000
1111111111111010
0000000000100011
0000000000101011
0000000000100011
0000000000011001
1111111111111000
1111111111101011
1111111111000110
1111111111001011
1111111111101101
1111111111110100
0000000000011101
0000000000100001
0000000000011110
1111111111101100
1111111111100111
1111111111110110
0000000000000000
0000000000001100
0000000000100001
0000000000100100
0000000000011010
0000000000011010
1111111111111001
1111111111110000
1111111111010000
1111111111000001
1111111111000110
1111111111000001
1111111111000110
0000000000010110
0000000000010001
1111111111110100
0000000000000101
0000000000001001
0000000000000100
1111111111101110
1111111111100110
1111111111101010
0000000000000000
0000000000110101
0000000000010010
1111111111110111
1111111111111000
1111111111110000
1111111110111110
0000000000101011
0000000000101111
0000000000110001
0000000000101100
0000000000101101
0000000000001010
0000000000001111
0000000000001100
0000000000001000
0000000000001010
0000000000001100
0000000000001111
0000000000010001
0000000000110010
0000000000100011
1111111111101001
1111111111101010
1111111111100110
0000000000001100
0000000000001111
0000000000000111
0000000000001111
0000000000001000
0000000000000011
1111111111111111
0000000000000111
0000000000100000
0000000000000110
0000000000000000
0000000000010110
0000000000000100
0000000000000110
1111111111111101
1111111111110100
1111111111110000
1111111111011011
1111111111100010
1111111111101000
1111111111100010
1111111111100111
0000000000011101
1111111111111101
1111111111111011
1111111111101110
1111111111110011
0000000000001100
0000000000100011
0000000000101001
0000000000001110
0000000000000111
0000000000000100
1111111111111101
1111111111101110
1111111111111011
0000000000011111
1111111111111110
1111111111001011
1111111111010110
0000000000100010
0000000000100000
1111111111101010
1111111111100101
0000000000111010
0000000000111000
0000000000010011
1111111111101111
1111111111100111
1111111111111101
0000000000110111
0000000000110111
0000000000111110
0000000000111001
0000000000111110
0000000000111001
0000000000111100
0000000000111100
0000000000110100
0000000000011100
0000000000000010
0000000000000000
1111111111111100
1111111111101010
1111111111011110
1111111111011100
1111111111011011
1111111111101100
0000000000100101
0000000000001100
0000000000001000
1111111111101010
1111111111101111
1111111111101001
1111111111110001
0000000000010110
1111111111100100
1111111111100001
0000000000011010
0000000000010100
1111111111110000
1111111111110110
0000000000010100
0000000000010011
0000000000000111
1111111111111001
1111111111110011
0000000000100001
0000000000011000
0000000000000010
1111111111101000
1111111111000110
1111111111111001
0000000000100111
0000000000101010
0000000000100001
0000000000100100
0000000000001011
1111111111100101
1111111111011111
1111111111011100
1111111111100100
1111111111100010
1111111111100111
0000000000100111
0000000000100010
0000000000001000
0000000000001010
0000000000000110
0000000000010000
1111111111011110
1111111111100011
1111111111011111
1111111111100111
0000000000000101
0000000000111100
0000000000110110
0000000000111001
0000000000110010
0000000000001001
0000000000000101
0000000000000111
0000000000000110
0000000000100110
1111111111101000
1111111111100010
0000000000110101
0000000000110100
0000000000111010
0000000000011010
1111111111111110
1111111111011101
1111111111101000
1111111111100011
1111111111101100
1111111111100011
1111111111100111
1111111111100011
1111111111100110
1111111111100000
1111111111110000
1111111111100101
1111111111101110
1111111111100101
1111111111100011
1111111111101000
1111111111100010
1111111111010101
1111111111000111
1111111111001011
1111111111000101
1111111111001000
1111111110111111
1111111111000010
1111111110111100
0000000000000011
1111111111011111
1111111111000011
1111111111000000
1111111110111011
0000000000010100
0000000000001110
0000000000000001
1111111111111001
0000000000001011
0000000000001010
0000000000000110
0000000000000011
1111111111100101
0000000000011000
1111111111100010
1111111111100001
0000000000010100
0000000000011101
1111111111110110
0000000000001001
0000000000011100
1111111111110011
1111111111101101
0000000000111010
0000000000010110
0000000000000100
0000000000001101
0000000000001110
0000000000010000
0000000000001011
0000000000000000
1111111111111010
0000000000100011
0000000000101011
0000000000100011
0000000000011001
1111111111111000
1111111111101011
1111111111000110
1111111111001011
1111111111101101
1111111111110100
0000000000011101
0000000000100001
0000000000011110
1111111111101100
1111111111100111
1111111111110110
0000000000000000
0000000000001100
0000000000100001
0000000000100100
0000000000011010
0000000000011010
1111111111111001
1111111111110000
1111111111010000
1111111111000001
1111111111000110
1111111111000001
1111111111000110
0000000000010110
0000000000010001
1111111111110100
0000000000000101
0000000000001001
0000000000000100
1111111111101110
1111111111100110
1111111111101010
0000000000000000
0000000000110101
0000000000010010
1111111111110111
1111111111111000
1111111111110000
1111111110111110
0000000000101011
0000000000101111
0000000000110001
0000000000101100
0000000000101101
0000000000001010
0000000000001111
0000000000001100
0000000000001000
0000000000001010
0000000000001100
0000000000001111
0000000000010001
0000000000110010
0000000000100011
1111111111101001
1111111111101010
1111111111100110
0000000000001100
0000000000001111
0000000000000111
0000000000001111
0000000000001000
0000000000000011
1111111111111111
0000000000000111
0000000000100000
0000000000000110
0000000000000000
0000000000010110
0000000000000100
0000000000000110
1111111111111101
1111111111110100
1111111111110000
1111111111011011
1111111111100010
1111111111101000
1111111111100010
1111111111100111
0000000000011101
1111111111111101
1111111111111011
1111111111101110
1111111111110011
0000000000001100
0000000000100011
0000000000101001
0000000000001110
0000000000000111
0000000000000100
1111111111111101
1111111111101110
1111111111111011
0000000000011111
1111111111111110
1111111111001011
1111111111010110
0000000000100010
0000000000100000
1111111111101010
1111111111100101
0000000000111010
0000000000111000
0000000000010011
1111111111101111
1111111111100111
1111111111111101
0000000000110111
0000000000110111
0000000000111110
0000000000111001
0000000000111110
0000000000111001
0000000000111100
0000000000111100
0000000000110100
0000000000011100
0000000000000010
0000000000000000
1111111111111100
1111111111101010
1111111111011110
1111111111011100
1111111111011011
1111111111101100
0000000000100101
0000000000001100
0000000000001000
1111111111101010
1111111111101111
1111111111101001
1111111111110001
0000000000010110
1111111111100100
1111111111100001
0000000000011010
0000000000010100
1111111111110000
1111111111110110
0000000000010100
0000000000010011
0000000000000111
1111111111111001
1111111111110011
0000000000100001
0000000000011000
0000000000000010
1111111111101000
1111111111000110
1111111111111001
0000000000100111
0000000000101010
0000000000100001
0000000000100100
0000000000001011
1111111111100101
1111111111011111
1111111111011100
1111111111100100
1111111111100010
1111111111100111
0000000000100111
0000000000100010
0000000000001000
0000000000001010
0000000000000110
0000000000010000
1111111111011110
1111111111100011
1111111111011111
1111111111100111
0000000000000101
0000000000111100
0000000000110110
0000000000111001
0000000000110010
0000000000001001
0000000000000101
0000000000000111
0000000000000110
0000000000100110
1111111111101000
1111111111100010
0000000000110101
0000000000110100
0000000000111010
0000000000011010
1111111111111110
1111111111011101
1111111111101000
1111111111100011
1111111111101100
1111111111100011
1111111111100111
1111111111100011
1111111111100110
1111111111100000
1111111111110000
1111111111100101
1111111111101110
1111111111100101
1111111111100011
1111111111101000
1111111111100010
1111111111010101
1111111111000111
1111111111001011
1111111111000101
1111111111001000
1111111110111111
1111111111000010
1111111110111100